{
"n": 11,
"xCord": [16 ,17 ,18 ,19 ,20 ,25 ,25 ,26 ,26 ,27 ,27 ,27],
"yCord": [20 ,19 ,18 ,17 ,16 ,12 ,11 ,11 ,9 ,23 ,11 ,9],
"dist": [[0.0, 1.4142135623730951, 2.8284271247461903, 4.242640687119285, 5.656854249492381, 12.041594578792296, 12.727922061357855, 13.45362404707371, 14.866068747318506, 11.40175425099138, 14.212670403551895, 15.556349186104045], [1.4142135623730951, 0.0, 1.4142135623730951, 2.8284271247461903, 4.242640687119285, 10.63014581273465, 11.313708498984761, 12.041594578792296, 13.45362404707371, 10.770329614269007, 12.806248474865697, 14.142135623730951], [2.8284271247461903, 1.4142135623730951, 0.0, 1.4142135623730951, 2.8284271247461903, 9.219544457292887, 9.899494936611665, 10.63014581273465, 12.041594578792296, 10.295630140987, 11.40175425099138, 12.727922061357855], [4.242640687119285, 2.8284271247461903, 1.4142135623730951, 0.0, 1.4142135623730951, 7.810249675906654, 8.48528137423857, 9.219544457292887, 10.63014581273465, 10.0, 10.0, 11.313708498984761], [5.656854249492381, 4.242640687119285, 2.8284271247461903, 1.4142135623730951, 0.0, 6.4031242374328485, 7.0710678118654755, 7.810249675906654, 9.219544457292887, 9.899494936611665, 8.602325267042627, 9.899494936611665], [12.041594578792296, 10.63014581273465, 9.219544457292887, 7.810249675906654, 6.4031242374328485, 0.0, 1.0, 1.4142135623730951, 3.1622776601683795, 11.180339887498949, 2.23606797749979, 3.605551275463989], [12.727922061357855, 11.313708498984761, 9.899494936611665, 8.48528137423857, 7.0710678118654755, 1.0, 0.0, 1.0, 2.23606797749979, 12.165525060596439, 2.0, 2.8284271247461903], [13.45362404707371, 12.041594578792296, 10.63014581273465, 9.219544457292887, 7.810249675906654, 1.4142135623730951, 1.0, 0.0, 2.0, 12.041594578792296, 1.0, 2.23606797749979], [14.866068747318506, 13.45362404707371, 12.041594578792296, 10.63014581273465, 9.219544457292887, 3.1622776601683795, 2.23606797749979, 2.0, 0.0, 14.035668847618199, 2.23606797749979, 1.0], [11.40175425099138, 10.770329614269007, 10.295630140987, 10.0, 9.899494936611665, 11.180339887498949, 12.165525060596439, 12.041594578792296, 14.035668847618199, 0.0, 12.0, 14.0], [14.212670403551895, 12.806248474865697, 11.40175425099138, 10.0, 8.602325267042627, 2.23606797749979, 2.0, 1.0, 2.23606797749979, 12.0, 0.0, 2.0], [15.556349186104045, 14.142135623730951, 12.727922061357855, 11.313708498984761, 9.899494936611665, 3.605551275463989, 2.8284271247461903, 2.23606797749979, 1.0, 14.0, 2.0, 0.0]]
}